37700	3	22814
37701	0	36554
37701	2	20623
37702	0	2587
37702	2	36538
37702	2	11304
37702	2	5304
37702	2	23108
37702	2	24272
37703	0	3365
37703	6	30423
37703	6	30474
37703	6	18765
37703	6	31612
37703	6	31613
37703	6	27928
37703	6	2808
37703	6	25481
37703	6	31615
37703	6	13287
37703	6	1032
37703	6	29755
37703	6	23827
37703	6	15971
37703	6	28066
37703	6	20948
37703	6	31617
37703	6	35004
37703	6	31619
37703	6	31620
37703	6	22698
37703	6	11956
37703	6	8112
37703	6	24316
37703	6	11822
37703	6	26793
37703	6	6184
37703	6	31621
37703	6	24719
37704	8	7373
37704	8	4172
37705	3	24508
37705	6	28270
37706	0	9063
37707	6	3730
37707	6	29025
37707	6	24356
37707	6	24994
37707	6	36116
37708	9	4450
37708	9	25515
37708	9	31216
37708	9	36303
37708	9	21825
37708	9	10432
37708	9	10433
37708	9	10434
37709	6	6857
37709	6	35371
37709	6	27558
37709	6	6856
37709	6	34137
37709	6	34029
37709	6	36651
37709	6	35368
37709	6	37087
37709	6	27550
37709	6	32350
37710	0	712
37710	3	22469
37710	6	27239
249	3	37711
37712	5	20037
37712	5	1837
37713	5	37366
37714	5	22964
37714	2	34917
37714	5	30868
37714	5	35240
37714	5	36824
37714	5	30947
37714	5	11045
37714	5	25396
37714	5	36827
37714	5	33529
37714	5	35775
37714	5	36655
37714	5	6581
37714	5	22876
37714	5	12112
37714	5	30378
37714	5	34112
37714	5	14958
37714	5	37625
37714	5	37657
37714	5	32546
37714	5	37438
37714	5	19075
37714	5	32953
37714	5	37626
37714	5	37439
37714	5	35971
340	4	37715
37716	0	14848
37717	0	11802
37717	0	2485
37718	8	507
37718	4	1320
37719	6	34168
37720	3	7879
37720	6	2627
403	0	37721
37722	0	20043
37723	0	636
37723	2	32132
37723	2	32138
37723	2	32139
37723	2	23658
37723	2	32561
37723	2	23659
37723	2	15463
37723	2	32810
37723	2	6599
37723	2	37572
437	0	37724
447	3	37725
37726	0	1775
37726	2	34474
37727	4	37271
37727	4	6512
37727	2	30340
37727	2	33468
37727	2	15564
37727	2	18839
37727	2	28273
506	8	37728
513	8	37728
515	1	37729
37715	0	341
37715	4	68
37715	5	4510
37715	5	340
37715	5	32868
37715	5	28401
37715	5	33938
37715	5	21835
37730	0	36708
37731	8	35882
37731	1	16639
530	3	37732
538	3	37733
548	8	37734
550	4	37735
555	0	37736
558	4	37737
37738	2	26599
37739	9	37139
37739	9	26033
37739	9	31649
37739	9	37064
37739	9	37065
37739	9	36727
37739	9	36726
37739	9	36515
37739	9	29695
37739	9	15288
37739	9	36620
37739	9	14141
37739	9	264
37739	9	36797
37739	9	25675
37739	9	36909
37739	9	36896
37739	9	33656
37739	9	25722
37739	9	32329
37739	9	34862
37739	9	36246
37739	9	37054
37739	9	37156
37739	9	28286
37739	9	33892
37739	9	36466
37739	9	35041
37739	9	19576
37739	9	19174
37739	9	37052
37739	9	22493
37739	9	36549
37739	9	15729
37739	9	31972
37739	9	37383
37739	2	7301
37739	9	31566
37739	9	5161
37739	9	1068
37739	9	33810
37739	9	36625
37739	9	2915
37739	9	17588
37739	9	25641
37739	9	30986
37739	9	31651
37739	9	18945
37739	9	22654
37739	9	26580
37739	9	34584
37739	9	16532
37739	9	19642
37739	9	22108
37739	9	25718
37739	9	25719
37739	9	25523
37739	9	36610
37739	9	37180
37739	9	25527
37739	9	26244
37739	9	15580
37739	9	29850
37739	9	29134
37740	3	9534
37740	2	7213
37741	4	19042
37741	5	35570
37741	5	34774
37741	5	27485
37741	5	16222
37741	5	35516
37742	6	37555
37743	0	2956
37743	4	33586
37744	2	2578
37744	2	4581
37745	0	401
37745	6	13515
37745	6	26300
37745	6	2005
684	0	37746
37747	0	8189
37747	3	19528
37747	2	3960
37747	2	3956
37747	2	31945
37747	2	35934
37747	2	37168
37747	2	35789
37747	2	28204
37747	2	28142
37747	2	5844
37747	2	20401
37747	2	20743
37747	2	20190
37747	2	34472
37747	2	29866
37747	2	29867
37747	2	12037
37747	2	36375
37747	2	11702
37747	2	22814
37747	2	36237
37747	2	34796
37747	2	4482
37747	2	5564
37747	2	37612
37747	2	2635
37747	2	28936
37747	2	31
37747	2	31220
37747	2	27323
37747	2	13027
37747	2	18277
37747	2	20247
37747	2	24065
37747	2	23681
37747	2	23682
37747	2	8812
37747	2	23684
37747	2	4501
37747	2	23685
37747	2	13733
37747	2	4685
37747	2	8969
37747	2	32479
37748	3	4255
37748	6	26403
37749	0	2296
37750	2	36000
37750	2	21918
37750	2	35635
37750	2	27353
37751	2	37695
37751	2	33865
37751	2	26631
37752	0	16300
37752	5	22026
37753	3	2000
37753	6	21123
37753	6	10624
37753	6	17483
37753	6	32027
37753	6	17413
37753	6	5834
37753	6	17865
37753	6	23022
37754	2	36040
37754	2	18582
37755	2	7505
37755	2	19851
37755	2	8810
37755	2	15453
37755	2	37260
37755	2	26296
37755	2	36291
37755	2	36274
37755	2	35872
37755	2	33179
37755	2	21851
37756	3	5940
37756	6	26869
37757	0	3168
37757	6	37648
37757	6	19706
37757	6	22940
37757	6	24058
37757	6	7885
37758	0	30786
37758	2	9837
37758	2	21086
37758	2	23135
37758	2	1291
37758	2	35811
37759	2	30192
37759	2	21544
37759	2	2668
37759	2	20849
37759	2	29447
37759	2	19695
37759	2	19078
37759	2	12497
37759	2	2791
37759	2	11286
37759	2	9189
37759	2	35194
37759	2	31822
37759	2	6350
37759	2	19807
37759	2	29934
37759	2	33321
37759	2	36403
37759	2	3895
37759	2	36553
37759	2	37286
37759	2	19694
37759	2	11573
37759	2	30831
37759	2	1760
37759	2	6064
37759	2	27523
37759	2	14444
37759	2	3301
37759	2	22079
37759	2	1216
37759	2	33668
37759	2	14003
37759	2	978
37759	2	4903
37759	2	7444
37759	2	18108
37759	2	35734
37759	2	29522
37759	2	13410
37759	2	4672
37759	2	26690
37759	2	3894
37759	2	28296
37759	2	26632
37759	2	1836
37759	2	17760
37759	2	31083
37759	2	4329
37760	0	36784
6629	0	37761
37762	3	18265
37762	6	2130
37763	2	34589
37764	0	1431
37765	0	3330
37765	6	37040
37765	6	8191
37766	3	4196
37767	0	17401
37767	2	28700
37767	2	8114
37767	2	5508
37732	6	369
37732	6	27344
37732	6	31587
37732	6	31588
37732	6	31589
37732	6	90
37732	6	478
37732	6	31590
37732	6	31591
37732	6	26185
37732	6	31593
37732	6	10333
37732	6	31595
37732	6	22845
37732	6	29879
37732	6	25441
37732	6	31596
37732	6	31597
37732	6	26013
37732	6	31599
37732	6	17406
37732	6	9502
37732	6	3523
37732	6	31601
37732	6	22573
37732	6	31602
37732	6	530
37732	6	29380
37732	6	370
37732	6	31603
37732	6	1106
37732	6	21537
37732	6	10651
37732	6	1145
37732	6	21070
37732	6	25974
37732	6	31605
37732	6	15476
37732	6	21788
37732	6	34672
37732	6	15912
37732	6	10990
37732	6	31608
37732	6	6133
37732	6	14424
37732	6	30177
37732	6	33471
37732	6	8023
37732	6	18823
37732	6	31039
37732	6	10758
37732	6	31609
37732	6	27806
37732	6	31610
37732	6	29189
37732	6	25285
37768	3	32196
37768	6	35178
955	4	37769
37770	0	2587
37770	3	36348
37770	2	33569
37770	2	21311
978	0	37759
37771	3	13203
37772	6	36493
37773	1	302
37773	2	9861
37774	6	28301
37775	0	5478
37775	3	7758
37775	6	19271
37775	6	25893
37775	6	29300
37776	5	35730
37777	0	666
37777	2	16644
37777	5	36551
37777	5	13085
37777	5	17043
37777	2	42
37777	5	5040
37777	5	17723
37777	5	7288
37777	5	12631
37777	5	17923
37777	2	24710
37777	5	3146
37777	5	10212
37777	2	28459
37777	5	17806
37777	5	725
37777	5	36270
37777	5	33756
37777	5	36184
37777	5	2089
37777	2	44
37777	5	29408
37777	9	27321
37777	9	18157
37778	2	36733
37778	2	18386
37778	2	24557
37778	2	8540
37778	2	35085
37778	2	3754
37778	2	24442
37778	2	36354
37779	0	462
37779	6	12679
37780	2	19767
1032	3	37703
37734	2	548
37734	2	33864
37734	2	2074
37734	2	17894
37734	2	15923
37781	8	12234
37781	5	30679
37781	5	5456
37781	5	36462
37781	5	26847
37781	5	37265
37781	5	37690
37781	5	30379
37781	5	34833
37781	5	30993
37781	5	28314
1065	3	37782
37783	0	22072
37783	2	567
37783	2	15886
37783	2	23181
37783	2	15131
37783	2	37619
37784	4	4901
37785	0	15689
37786	3	8296
37786	6	1506
37786	6	8930
37786	6	11253
37786	6	1507
37786	6	11254
37786	6	25957
31	0	37747
37787	8	5690
1109	8	37788
37789	3	29801
37789	6	8423
37789	6	8424
37790	0	26627
37790	2	33061
37790	2	34764
37791	0	4939
37792	5	37401
1145	3	37732
1159	3	37793
37794	2	37566
37795	2	27274
37795	2	34961
37795	5	24022
37796	0	3027
37796	4	37351
37796	4	37570
37796	4	13101
37796	2	34165
37797	8	2231
37797	4	11047
37797	3	13088
37797	10	37189
37797	10	30322
37797	10	541
37797	10	33207
37797	5	11928
37797	5	25878
37797	5	9787
37797	6	1751
37798	6	31086
37799	1	302
37799	2	9906
37799	2	9908
37800	2	29640
37800	2	35765
37800	2	26575
37800	2	26576
37800	2	21901
37800	2	32053
37800	2	32054
37800	2	11349
37800	2	11350
37800	2	12000
37800	2	34244
37800	2	19790
37800	2	13876
37801	0	924
37801	5	4922
37801	2	33020
37801	2	35413
37801	2	37639
37801	2	20265
37801	2	9142
37801	2	37564
37801	2	1873
37004	0	37802
37803	2	36045
37803	2	24815
37788	2	2164
37788	2	8818
37788	2	8819
37788	2	33509
37788	2	4780
37788	2	788
37788	2	36741
37788	2	29082
37788	2	24371
37788	2	17740
37788	2	33661
37788	2	1109
37788	2	10664
37788	2	34166
37788	2	30864
37788	2	16815
37788	2	33303
37804	3	15874
37804	6	2387
37805	8	507
37805	4	6684
37806	4	15222
37806	4	10192
37806	4	30247
37807	2	17044
37807	2	36946
37807	2	35922
37808	0	924
37808	2	6738
37808	2	35011
37808	2	21811
37808	2	26740
37809	3	18177
37809	6	12552
37810	2	13423
37810	2	3294
37811	4	3060
37811	5	36653
37811	5	29499
37811	5	35339
37811	5	25133
37811	5	25533
37811	5	27379
37811	5	12036
37811	5	18278
37811	5	6082
37812	0	8536
37802	0	4714
37802	2	355
37802	2	2690
37802	2	37004
37802	2	37680
37782	6	1066
37782	6	28080
37782	6	3308
37782	6	7992
37782	6	28081
37782	6	17297
37782	6	28082
37782	6	28083
37782	6	26016
37782	6	28084
37782	6	28085
37782	6	16414
37782	6	1065
37782	6	10979
37782	6	28087
37813	2	10105
37813	2	23605
37813	2	18564
37813	2	21377
1428	0	37814
37815	0	3168
37815	3	26572
1473	0	37816
4022	4	37817
37818	0	3123
37819	0	8916
37819	6	18277
37820	0	30935
37820	1	3376
37821	8	4364
37821	8	24378
1526	0	37822
37823	6	37517
37823	6	36910
37721	0	1324
37721	0	34960
37721	2	9742
37721	2	12088
37721	2	20892
37721	2	440
37721	2	36637
37721	2	33655
37721	2	20156
37721	2	683
37721	2	403
37721	2	1804
37721	2	18022
37721	5	26430
37824	2	31114
37824	2	25955
1581	3	37825
37826	6	27803
37827	0	12429
37814	2	1428
37814	2	2696
37814	2	563
37814	2	2867
37828	2	2827
37828	2	18138
37828	2	32874
37828	2	12187
37828	2	26149
37828	2	23169
37828	2	15392
37829	8	24153
37829	4	37268
37829	9	25593
37829	9	1020
37829	9	17891
37829	9	17892
37829	9	35921
37829	9	35820
37829	9	37568
37829	9	17520
37829	9	24502
37829	9	24503
37829	9	24127
37829	9	16405
37829	9	31743
37829	9	13398
37829	9	15360
37830	1	171
37830	2	34385
1645	0	37831
37832	0	2207
37833	0	10478
37833	0	10259
37833	4	2775
37834	0	6406
37834	9	34130
37834	9	22127
37834	9	22128
37834	9	37117
37834	9	36928
37834	9	36559
37834	9	36894
37834	9	36558
37834	9	4661
37834	9	36755
37834	9	36982
37834	9	35781
37834	9	19988
37834	9	3955
37834	9	30823
37834	9	30824
37834	9	25593
37834	9	13752
37834	9	2070
37834	9	36418
37834	9	19567
37834	9	3606
37834	9	25534
37834	9	3607
37834	9	29169
37834	9	4692
37834	9	18284
37834	2	23762
37834	2	19745
37834	2	32703
37834	2	3905
37834	2	18705
37834	2	6925
37834	2	13023
37834	9	37280
37834	9	37662
37834	9	31143
37834	9	6669
37834	9	21097
37834	9	10211
37834	9	37639
37834	9	37659
37834	9	25320
37834	9	27118
37834	9	12871
37834	9	7361
37834	9	32490
37834	9	18957
37834	9	6476
37834	9	36825
37834	9	5787
37834	9	26006
37834	9	22352
37834	9	35180
37834	9	31838
37834	9	2421
37835	8	26452
37836	6	9549
37836	6	31755
37769	8	6410
37769	4	17896
37769	5	29611
37769	5	17355
37769	5	31909
37769	5	31910
37769	5	955
37769	5	35343
37769	5	11060
37769	5	36961
37837	0	2001
37837	6	11378
37838	0	17922
37838	3	21194
37839	0	32557
37839	9	26814
37839	9	16935
37839	2	22132
37839	9	19314
37839	9	19315
37839	9	19316
37839	9	1771
37840	6	3688
37841	3	5633
1751	3	37797
37842	4	1256
37842	5	27455
37843	6	34048
37737	0	636
37737	5	7965
37737	5	558
37737	5	11450
37844	8	79
37844	4	37032
37844	4	3688
37844	5	11434
37845	0	3932
37845	2	26470
37845	2	34436
37845	2	37590
37845	2	19458
37845	5	31333
37846	3	10716
37846	5	3749
37847	8	5317
37848	3	23078
37849	0	17060
37849	6	36216
37849	6	133
1837	4	37712
37850	2	11265
37850	2	34769
37850	2	24291
37850	2	29533
37850	2	12656
37715	4	12693
37851	0	24545
37852	0	6878
37852	2	32243
37853	0	103
37853	6	36345
37817	8	6317
37817	4	24635
37817	4	9192
37817	10	12028
37817	10	12623
37817	10	12916
37817	10	15652
37817	5	4022
37817	5	3947
37817	5	35307
37817	5	35308
37817	5	25829
37817	5	13505
37817	5	13504
37817	5	37442
37817	5	7025
37817	5	31074
37817	5	17354
37817	6	6543
37854	5	24653
37854	5	18587
37854	5	6427
37854	5	20835
37854	5	34329
37854	5	29600
37854	5	19261
37854	5	20836
37854	5	6926
37854	5	29604
37854	5	29605
37854	5	12140
37854	5	29606
36610	1	37739
37855	3	2950
37855	6	36760
37856	3	12047
37857	0	4080
37857	1	14009
37857	2	3785
37857	2	22325
37858	3	25208
37859	1	2789
37859	2	30568
37859	2	6033
37860	3	32549
37860	2	8735
37861	2	488
37862	6	35047
37862	6	5231
37863	0	630
37863	3	23273
37864	5	11858
37864	6	25505
37729	9	515
37729	9	27115
37729	9	19653
37729	9	16944
37729	9	14728
37729	9	31642
37729	9	19770
37729	9	15737
37729	9	37315
37729	9	37314
37729	9	27195
37729	9	6879
37729	2	4466
37729	2	34706
37729	9	31354
37729	2	27634
37729	2	3336
37729	2	36813
37729	2	4315
37729	2	30682
37729	2	29865
37729	2	16374
37729	2	36336
37729	2	5453
37729	2	4889
37729	9	15599
37729	9	17831
37729	9	23554
37729	5	36689
37729	9	35000
37729	2	3256
37729	9	35071
37729	9	6062
37729	9	13910
37729	9	9398
37729	9	35221
37729	9	7714
37729	9	7264
2000	6	37753
37865	2	23833
37865	2	31245
37865	2	37681
37865	2	35843
37865	2	31099
37866	0	712
37866	6	2006
37867	3	653
37867	2	9607
37867	2	35352
37867	2	654
37867	2	13112
37868	0	3283
37868	2	26082
37868	2	31980
37868	2	8874
37868	2	35105
37868	2	37189
37868	2	25176
37868	2	35106
37868	2	36954
37869	9	35022
37869	5	3709
37869	2	706
37869	2	35599
37869	2	32477
37869	2	33932
37869	2	35600
37869	2	35601
37869	2	4735
37869	2	32641
37869	2	23552
37869	5	8536
37869	9	37162
37869	9	25732
37869	2	25060
37869	2	23956
37869	2	35236
37869	9	4981
37869	9	25526
37870	0	14732
37870	2	28530
37871	2	5193
37872	0	4529
37872	3	7146
37872	6	23066
37872	6	36158
37873	2	34770
37873	2	34560
37873	2	34276
37873	2	27690
37873	2	33804
37873	2	35799
37873	2	36647
37873	2	37679
37873	2	18518
37873	2	34561
37873	2	17535
37873	2	817
37873	2	25720
2130	3	37762
37874	6	19977
37875	2	14298
37876	2	24298
37876	2	36425
37876	2	34646
37876	2	6732
37876	2	2169
37876	2	36043
2089	4	37777
37635	0	37877
37878	4	2587
37878	4	1047
37878	4	1327
37878	2	27748
2296	2	37749
37879	6	24987
37880	3	32608
37881	8	787
37882	6	5452
2320	0	37883
37884	0	11735
37884	2	7725
37884	2	17818
37884	2	28726
37884	2	6785
2373	0	37885
2387	3	37804
37728	0	30323
37728	2	34915
37728	2	21398
37728	2	20006
37728	2	12323
37728	2	11855
37728	2	11856
37728	2	23039
37728	2	35275
37728	2	7548
37728	2	7558
37728	2	25549
37728	2	25550
37728	2	5713
37728	2	5720
37728	2	5732
37728	2	35281
37728	2	35732
37728	2	28519
37728	2	24535
37728	2	29411
37728	2	29412
37728	2	11784
37728	2	4042
37728	2	19903
37728	2	19912
37728	2	35284
37728	2	31881
37728	2	14385
37728	2	13449
37728	2	35285
37728	2	20650
37728	2	28093
37728	2	35289
37728	2	506
37728	2	34883
37728	2	32125
37728	2	35953
37728	2	33975
37728	2	22323
37728	2	37069
37728	2	26728
37728	2	19092
37728	2	11420
37728	2	28955
37728	2	34083
37728	2	24474
37728	2	23792
37728	2	24263
37728	2	34139
37728	2	35036
37728	2	24785
37728	2	28646
37728	2	11899
37728	2	35303
37728	2	35313
37728	2	5421
37728	2	20312
37728	2	32913
37728	2	32914
37728	2	32915
37728	2	7863
37728	2	33222
37728	2	32920
37728	2	32922
37728	2	9288
37728	2	11907
37728	2	36059
37728	2	35318
37728	2	12628
37728	2	11915
37728	2	34893
37728	2	35319
37728	2	35320
37728	2	6212
37728	2	37033
37728	2	35778
37728	2	25420
37728	2	35322
37728	2	7720
37728	2	18692
37728	2	24240
37728	2	11936
37728	2	29750
37728	2	34687
37728	2	31792
37728	2	31772
37728	2	33446
37728	2	33447
37728	2	33448
37728	2	27762
37728	2	33259
37728	2	35336
37728	2	33141
37728	2	513
37728	2	29519
37728	2	14173
37728	2	35338
37728	2	10193
37728	2	9458
37728	2	10420
37728	2	6412
37728	2	17899
37728	2	8626
37728	2	4585
37728	2	35139
37728	2	35140
37728	2	31856
37728	2	35348
37728	2	37176
37728	2	20056
37886	3	3968
37886	6	25207
37887	2	24381
37888	0	1385
37888	1	1386
37889	3	3980
37889	6	8384
37889	6	26910
37889	6	34343
37889	6	28323
37889	6	28324
37889	6	28325
37890	0	950
37890	6	33966
37890	6	6576
37890	6	10158
37890	6	17859
37890	6	24788
37891	2	32343
37891	2	34974
37891	2	15979
2485	2	37717
2489	0	37892
37877	0	483
37877	2	7852
37877	2	16789
37877	2	13949
37877	2	19412
37877	2	26423
37877	2	36922
37877	2	37635
37877	2	3811
37877	2	25757
37877	2	27338
37877	2	3246
37870	2	37692
37870	2	5163
37870	2	33908
37870	2	5811
37870	2	2673
37893	0	828
37893	2	12738
37893	2	26105
37893	2	35896
37893	2	32386
37893	2	32797
37893	2	26333
37893	2	9320
37893	2	20059
37893	2	32674
37894	0	10063
37894	2	33277
37894	2	32123
37894	5	35713
37894	2	3135
37894	5	34860
37895	6	260
37895	6	37322
37895	6	30390
37895	6	27457
37895	6	31678
37896	0	2073
37896	1	302
37896	2	10003
37896	2	10007
37896	2	6647
37896	2	10028
37896	2	3473
37896	2	10040
37897	5	14219
37898	3	8244
37899	4	7747
37899	4	17895
37900	0	398
2578	0	37744
37822	2	20254
37822	2	7440
37822	2	1526
37822	2	851
37822	2	8753
35421	0	37746
37901	1	29057
37901	1	325
37901	2	32974
2677	4	37902
2690	0	37802
37903	0	10589
37903	4	28472
37903	2	32653
37903	2	28739
37903	2	31294
37903	2	7397
37903	2	16989
37903	2	5563
37903	2	32799
37903	2	5956
37903	2	22168
37903	2	19051
37903	2	3724
37903	2	5957
37903	2	17993
37903	2	16758
37903	2	37554
37903	2	31948
37903	2	36468
37903	2	35357
37903	2	5958
37903	2	36145
37903	2	5959
37903	2	20423
37903	5	8015
37903	2	33331
37903	2	34712
37903	2	27995
37903	2	33776
37903	2	7204
37903	2	26768
37903	2	12503
37903	2	28593
37903	2	23747
37903	2	29001
37903	5	8033
37903	2	1259
37903	5	24591
37903	5	27292
37903	5	26272
37903	2	1258
37903	2	17728
37903	2	33812
37903	2	33813
37903	2	28051
37903	2	36950
37903	2	27968
37904	0	712
37904	6	32238
37905	0	5478
37905	3	5479
37905	6	11090
37905	6	37520
37905	6	34920
37905	6	17282
37905	6	9569
37905	6	28025
37905	6	26829
37883	0	3365
37883	2	2320
37883	6	6759
37906	2	25902
37906	2	3969
37907	8	1092
37907	4	1548
37907	5	11908
37907	5	32667
37907	5	13930
37907	5	28507
37907	5	35316
37907	5	24627
37907	5	5430
37907	5	8878
37907	5	35134
37907	5	22454
37907	5	9121
37907	5	32928
37907	5	7053
37907	6	24561
7444	0	37759
2827	0	37828
37908	2	32217
37908	2	36923
37909	0	30549
37909	5	31750
37909	2	27656
37909	2	19739
2915	1	37739
37910	3	24957
37910	6	12196
2958	0	37911
37912	4	2744
37913	0	37194
37914	2	29100
37915	3	36697
37915	6	18280
37915	6	13435
37915	6	16218
37916	0	33843
37916	6	8872
37916	6	11781
37916	6	5685
37916	6	6684
37916	6	846
37916	6	6685
37916	6	2991
37916	6	6688
37916	6	22429
37916	6	10143
37917	0	9774
37917	9	34321
37917	9	7216
37917	9	36736
37917	9	26901
37917	9	5611
37917	5	20641
37917	9	9722
37917	9	16828
37917	9	445
37917	9	20418
37917	9	13583
37917	9	37224
37917	9	30214
37917	9	6117
37917	9	4209
37917	9	20419
37917	9	16831
37917	9	37338
37917	9	10586
37917	9	34280
37917	9	32716
37917	9	16833
37917	9	7135
37917	9	16624
37917	9	19812
37918	2	31332
37918	2	28134
37919	0	924
37761	2	6692
37761	2	257
37920	4	6659
37920	1	79
37920	2	16174
37921	2	22409
37921	2	18501
37922	0	8555
37923	0	2001
37923	3	7161
37923	6	35965
37923	6	34812
37923	6	7198
37923	6	15963
37923	6	15964
37923	6	15965
37923	6	15966
37923	6	3991
37923	6	15967
37923	6	29410
37924	3	7381
37924	6	24116
37924	6	4076
37925	0	853
37925	2	30704
37926	0	9812
37927	2	2653
37927	2	25393
3146	4	37777
37928	0	2001
37928	3	7784
37928	6	13034
37929	2	15288
37929	2	4264
37929	2	16436
37929	2	5496
37929	2	32469
37929	2	36255
37929	2	15529
37929	2	6803
37929	2	24388
37929	2	14652
37930	2	30587
37892	0	20326
37892	2	6814
37892	2	27212
37892	2	7377
37892	2	7376
37892	2	7378
37892	2	7379
37892	2	11797
37892	2	27213
37892	2	10968
37892	2	36443
37892	2	16715
37892	2	27214
37892	2	27215
37892	2	2489
37892	2	6815
37892	2	6813
37892	2	6816
37931	6	31087
37725	0	2001
37725	6	24985
37725	6	4025
37725	6	12437
37725	6	447
37725	6	36151
37725	6	5940
37725	6	13203
37725	6	24986
37725	6	25657
37725	6	6466
37725	6	2999
37725	6	3149
37725	6	31348
37725	6	23451
37725	6	24991
37725	6	8296
37932	0	341
37932	4	33938
37933	0	1431
37933	6	6024
37933	6	6023
37933	6	27565
37933	6	30796
3243	3	37934
37935	0	12694
37935	4	7759
37935	2	27724
37935	2	19052
37935	5	37047
37936	3	2002
37937	2	32910
37937	2	32911
37937	2	8581
37937	2	32870
37937	2	8007
37938	0	1115
37938	2	37056
37938	2	2256
37938	2	1657
37939	4	4754
37940	8	6123
37940	4	9760
3308	3	37782
37941	5	32645
37942	2	35035
37942	2	20684
3336	0	37729
37816	0	91
37816	2	35567
37816	2	19675
37816	2	19676
37816	2	10374
37816	2	4190
37816	2	23126
37816	2	28156
37816	2	9188
37816	2	5172
37816	2	6705
37816	2	17868
37816	2	30483
37816	2	28764
37816	2	29464
37816	2	1473
37816	2	22320
37816	2	8590
37816	2	30485
37816	2	30486
37816	2	33169
37816	2	30487
37816	2	10786
37816	2	25139
37816	2	30488
37816	2	4845
37816	2	36204
37816	2	7605
37816	2	30489
37816	2	5262
37816	2	29967
37816	2	30490
37816	2	30491
37816	2	36121
37816	2	17555
37816	2	33081
37816	2	5629
37816	2	29645
37816	2	2914
37816	2	17204
37816	2	24167
37816	2	16497
37816	2	13741
37816	2	28334
37816	2	16142
37943	0	3096
37943	2	3408
37943	2	22975
37943	2	30945
37943	2	32116
37943	2	31709
37943	2	418
37943	2	28390
37943	2	14564
37943	2	19148
37943	2	36594
37943	2	32572
37943	2	28549
37943	2	32574
37943	2	19385
37943	2	10557
37943	2	28288
37943	2	20183
37943	2	24379
37943	2	14582
37944	3	21168
37945	0	9086
37945	2	34805
37946	0	103
37946	6	2133
264	1	37739
37947	0	10302
37947	0	28253
37947	9	9420
37947	9	9421
37947	9	6168
37947	5	11810
37947	5	36701
37947	9	21121
37948	0	4471
37949	2	30806
37949	5	21986
37949	2	11739
37949	2	12023
37950	0	10603
37950	4	27120
37950	2	3060
37950	2	2435
37950	2	480
37950	2	30951
37950	2	34889
37950	2	2127
37885	3	23804
37885	2	17252
37885	2	4934
37885	2	2373
37951	4	34878
37951	10	36238
37951	5	11876
37952	6	31524
37953	6	23217
37746	2	36067
37746	2	37623
37746	2	684
37746	2	20798
37746	2	35421
37954	0	26408
37954	2	30477
37955	0	20068
37955	2	2549
37793	6	11345
37793	6	1159
3523	3	37732
37956	6	25045
37957	0	5787
37957	2	15905
37957	2	27725
37934	6	3243
37934	6	34908
37736	0	840
37736	5	10481
37736	2	31429
37736	2	30546
37736	2	555
37736	2	10938
37736	2	36696
37736	2	37552
37736	2	29724
37958	4	6982
37959	6	29242
37959	6	20394
37959	6	31280
37959	6	29243
37960	6	37459
37733	6	185
37733	2	14058
37733	6	538
37733	6	10500
37733	6	14059
37733	6	14060
37961	6	32614
37962	8	47
37962	5	21400
37963	0	7334
37964	8	37202
37964	5	17026
37964	5	29106
37964	5	32813
37964	5	32907
37964	5	37067
37964	5	37068
37831	0	6864
37831	5	3399
37831	5	5905
37831	2	1645
37831	5	15028
37831	2	14970
37965	0	4878
37965	4	4879
37966	2	1991
37966	2	35355
3662	0	37967
37968	0	2879
37968	2	29194
37968	2	36569
37968	2	25074
3688	3	37840
37969	0	7844
37969	6	31110
37969	2	36838
37969	2	29201
37735	4	1548
37735	3	6679
37735	10	36972
37735	10	37637
37735	10	37641
37735	10	30908
37735	10	20487
37735	10	37642
37735	10	18441
37735	10	37643
37735	10	3021
37735	5	10184
37735	10	22842
37735	10	6972
37735	10	6538
37735	10	8156
37735	10	15116
37735	10	13792
37735	10	5810
37735	10	33212
37735	10	4589
37735	5	37634
37735	5	35286
37735	5	35287
37735	5	550
37735	5	23261
37735	10	23261
37735	5	23262
37735	5	35288
37735	5	23263
37735	5	23264
37735	5	7067
37735	5	35289
37735	5	31883
37735	5	23265
37735	5	5431
37735	5	19957
37735	5	23268
37735	5	21518
37735	5	23269
37735	5	23270
37735	5	23271
37735	5	23272
37735	5	9209
37735	5	32926
37735	5	14139
37735	5	37615
37735	5	7051
37735	5	20962
37735	5	36656
37735	5	21861
37735	5	30631
37735	5	21977
37735	5	33365
37735	5	22675
37735	6	7493
37735	6	37644
3724	0	37903
37970	6	37492
37970	6	37226
3749	4	37846
3754	0	37778
37971	8	507
37972	8	2231
37972	4	25340
37973	2	22424
37974	2	17615
37974	2	4594
37974	2	19132
37974	2	14263
37975	1	302
37976	0	462
37976	6	33995
3811	0	37877
37977	4	20178
37977	5	9307
37978	0	91
37978	6	31312
37978	6	18453
37979	0	1440
37979	2	4387
37979	2	18740
3894	0	37759
37980	0	14549
37980	2	6424
37980	2	11672
37980	2	20987
37980	2	36865
37981	3	24999
37981	6	30243
3932	2	37845
37982	3	4540
37982	6	15145
3947	4	37817
37983	5	23132
3956	0	37747
37984	3	9260
37984	2	29665
37985	0	9112
37985	6	29938
37986	4	34380
37986	1	171
37986	5	34393
37987	8	6410
37987	5	25357
37987	5	35340
37987	5	31898
37987	5	31899
37987	5	24592
37987	5	25491
37987	5	33040
37987	5	35341
37987	5	31900
37987	5	31902
37987	5	31903
37987	5	24571
37987	5	4560
37987	5	15393
37987	5	37276
37987	5	31904
37987	5	29969
37987	5	32174
37987	5	19085
37987	5	1648
37987	5	5887
37987	5	37270
37987	5	1649
37987	5	12539
37987	5	34114
37923	6	33948
37988	3	1474
37988	6	25488
37989	0	17731
37989	2	24834
37989	2	33718
4025	3	37725
37990	4	15338
37990	4	20063
37990	4	2775
37990	5	30123
4042	8	37728
37991	3	1474
37991	6	24167
37992	6	28317
37992	6	28318
4060	2	37930
37902	3	4194
37902	2	20135
37902	5	2677
37993	0	5889
37993	2	35804
37994	2	11479
37994	2	8121
37994	2	35646
37994	2	34232
37994	2	7230
37994	2	26385
37994	2	37505
37994	2	422
37994	2	37118
37994	2	27035
37994	2	36999
37994	2	37406
37994	2	35160
37994	2	19534
37994	2	15467
37994	2	27421
37994	2	22427
37994	2	14966
37994	2	6225
37995	4	21678
37995	5	18294
37995	5	1319
37995	5	37132
37995	5	36660
37996	2	12467
37996	2	37007
37996	2	18282
37996	2	9261
37996	2	4532
37996	2	21760
37996	2	915
37996	2	31440
37996	2	35949
37997	0	3790
37997	2	18843
37997	2	20673
37911	2	30315
37911	2	30316
37911	2	22853
37911	2	30413
37911	2	7872
37911	2	21487
37911	2	34944
37911	2	2958
37911	2	18919
37998	3	13696
37999	0	103
37999	6	37511
37967	2	5312
37967	2	31369
37967	2	37663
37967	2	32676
37967	2	19498
37967	2	18485
37967	2	25578
37967	2	37493
37967	2	14608
37967	2	15997
37967	2	7910
37967	2	31719
37967	2	29444
37967	2	5340
37967	2	37382
37967	2	33910
37967	2	29360
37967	2	37431
37967	2	30551
37967	2	27675
37967	2	35837
37967	2	31287
37967	2	28831
37967	2	34959
37967	2	12367
37967	2	7911
37967	2	33860
37967	2	11443
37967	2	24559
37967	2	21765
37967	2	19565
37967	2	21820
37967	2	32748
37967	2	19276
37967	2	32798
37967	2	6228
37967	2	19380
37967	2	3662
37997	0	4898
37997	2	17049
37997	2	37696
38000	6	32276
38001	0	8241
38001	4	22788
38002	3	11328
38002	6	25952
38002	6	29022
37711	0	630
37711	6	32955
37711	6	6008
37711	6	26031
37711	6	249
4190	0	37816
4194	6	37902
37825	6	1581
37825	6	21426
38003	2	25338
38004	2	37273
38005	2	13073
38005	2	23161
38005	2	6793
38005	2	5349
38005	2	36591
38005	2	27539
38006	0	2566
38006	6	22179
38006	6	31170
38006	6	17673
38006	6	31812
38007	0	206
38008	8	1092
38008	4	10536
38008	10	6719
38008	10	31144
38008	10	20446
38008	5	27210
38008	5	31885
38009	3	4658
38009	6	27693
4264	0	37929
38010	0	3694
38010	2	5553
38010	2	37455
38010	2	25255
38010	2	16397
38010	2	37485
38010	2	33869
38011	2	37674
38011	2	32319
38011	2	37134
38011	2	17975
38011	2	26712
38011	2	6546
38011	2	33097
38011	2	37675
38011	2	34033
38012	4	3060
38012	5	21155
38012	5	33496
38012	5	36574
38012	5	18963
38012	5	27785
38012	5	31890
38012	5	2331
38012	5	29610
38012	5	322
38012	5	30840
38012	5	31891
38012	5	6954
38012	5	24685
38012	5	24690
38012	5	24693
38012	5	10792
38012	5	27476
38012	5	18617
38013	2	36869
38014	8	6410
38014	5	36295
38014	5	1573
38014	5	36616
38014	5	35346
38014	5	32894
38014	5	18450
38014	5	18424
38015	0	29993
38016	3	33576
38016	2	36136
37724	0	11130
37724	3	1509
37724	2	437
37724	2	25874
37724	2	37399
37724	2	13854
37724	5	24781
4450	1	37708
38017	0	206
38017	6	23340
38018	0	36556
4466	0	37729
38019	5	11855
38019	5	35273
38019	5	26890
38019	6	37386
38020	0	462
38021	0	401
38021	6	36338
38021	6	14679
38021	6	24530
4540	6	37982
4560	4	37987
4581	0	37744
4672	0	37759
1657	0	37938
4714	2	37802
4754	5	37939
4845	0	37816
1152	2	37751
37977	0	30549
5172	0	37816
5231	3	37862
5312	0	37967
5317	2	37847
5340	0	37967
5430	4	37907
5431	4	37735
5452	3	37882
5456	4	37781
2950	6	37855
5496	0	37929
5508	0	37767
5553	0	38010
5564	0	37747
5611	1	37917
5811	0	37870
5844	0	37747
5887	4	37987
5889	2	37993
6023	3	37933
6033	0	37859
33321	0	37759
6082	4	37811
6117	1	37917
6133	3	37732
16397	0	38010
6168	1	37947
6184	3	37703
6212	8	37728
6350	0	37759
6424	0	37980
6543	3	37817
6576	3	37890
6581	4	37714
6599	0	37723
6647	0	37896
6679	6	37735
6705	0	37816
6803	0	37929
6813	0	37892
6856	3	37709
3399	4	37831
6926	4	37854
6948	3	37733
6954	4	38012
37566	0	37794
7025	4	37817
7213	0	37740
7301	0	37739
7376	0	37892
7397	0	37903
1506	3	37786
7440	0	37822
7725	0	37884
32674	0	37893
7784	6	37928
7863	8	37728
7872	0	37911
7885	3	37757
1256	5	37842
7965	4	37737
7992	3	37782
8023	3	37732
8033	4	37903
7844	2	37969
3301	0	37759
37623	0	37746
8626	8	37728
37783	2	24883
8812	0	37747
8872	3	37916
2999	3	37725
19148	8	37943
8930	3	37786
8969	0	37747
2673	0	37870
9121	4	37907
9142	0	37801
5193	0	37871
2231	2	37972
2231	2	37797
9261	0	37996
9288	8	37728
9307	4	37977
9320	0	37893
6688	3	37916
9398	1	37729
9502	3	37732
9607	0	37867
9675	0	37903
6228	0	37967
9774	2	37917
9787	4	37797
302	9	37773
302	9	37799
302	9	37975
302	9	37896
10053	1	37829
10105	0	37813
7714	1	37729
10184	4	37735
37908	0	21686
10192	5	37806
10212	4	37777
10307	4	38022
10333	3	37732
10374	0	37816
3694	2	38010
10536	5	38008
10664	8	37788
10786	0	37816
10792	4	38012
10158	3	37890
10979	3	37782
10990	3	37732
2435	0	37950
2435	2	37776
68	5	37715
11265	0	37850
11286	0	37759
3968	6	37886
11345	3	37793
11378	3	37837
37914	2	36803
11443	0	37967
9192	5	37817
4594	0	37974
9086	2	37945
11672	0	37980
11739	0	37949
2791	0	37759
11781	3	37916
11802	2	37717
11810	4	37947
11822	3	37703
12036	4	37811
12037	0	37747
12050	4	38023
9063	2	37706
12088	0	37721
37854	5	29595
12112	4	37714
12140	4	37854
37751	2	36402
2696	0	37814
2074	8	37734
37896	2	14707
12437	3	37725
12467	0	37996
12503	0	37903
12497	0	37759
523	2	37794
12539	4	37987
12604	2	38024
12656	0	37850
8009	5	38025
12948	0	37723
13023	0	37834
38026	0	14606
13085	4	37777
13101	5	37796
8753	0	37822
13287	3	37703
13449	8	37728
37818	0	11990
13504	4	37817
2331	4	38012
37830	0	7818
9209	4	37735
13752	1	37834
34130	1	37834
13876	0	37800
13930	4	37907
1106	3	37732
14139	4	37735
14219	4	37897
14263	8	37974
3790	2	37997
4612	6	37757
5958	0	37903
14385	8	37728
14424	3	37732
4532	0	37996
14549	2	37980
4364	2	37821
14586	2	37749
4981	1	37869
14608	0	37967
14848	0	37892
14848	2	37716
488	0	37861
14958	4	37714
14966	0	37994
1509	6	37724
6738	0	37808
11090	3	37905
15288	0	37929
6225	0	37994
1548	5	37735
1548	5	38008
1548	5	37907
15392	0	37828
15393	4	37987
15463	0	37723
11990	2	37818
15580	1	37739
828	2	37893
9458	8	37728
15729	1	37739
15737	1	37729
15905	0	37957
15912	3	37732
15971	3	37703
15997	0	37967
13027	0	37747
11915	8	37728
16218	3	37915
16222	4	37741
17894	8	37734
3135	0	37894
3294	0	37810
16300	2	37752
3347	0	37877
16399	3	37882
16414	3	37782
1991	0	37966
7264	1	37729
16488	4	38025
16497	0	37816
3907	2	38027
14564	8	37943
6864	2	37831
16789	0	37877
185	3	37733
16944	1	37729
16989	0	37903
9742	0	37721
17026	4	37964
4692	1	37834
17043	4	37777
17044	0	37807
17060	2	37849
35105	8	37868
17204	0	37816
37738	2	19018
17252	0	37885
17297	3	37782
11130	2	37724
17354	4	37817
17355	4	37769
37865	0	341
33864	8	37734
6816	0	37892
37733	6	6948
10557	8	37943
17520	1	37829
17535	0	37873
37224	1	37917
7852	0	37877
17673	3	38006
14582	8	37943
17728	0	37903
17740	8	37788
15874	6	37804
17806	4	37777
17891	1	37829
17895	5	37899
17923	4	37777
33509	0	37788
32125	8	37728
24772	0	37801
5690	2	37787
18157	1	37777
8384	3	37889
7146	6	37872
18278	4	37811
18294	4	37995
18386	0	37778
18424	4	38014
18450	4	38014
18453	3	37978
18485	0	37967
18501	0	37921
18518	0	37873
1324	2	37721
18617	4	38012
7379	0	37892
18705	0	37834
18765	3	37703
18823	3	37732
18839	0	37727
18843	0	37997
37843	3	18287
18919	0	37911
37835	7	35626
18945	1	37739
18957	1	37834
18963	4	38012
355	0	37802
9760	5	37940
19051	0	37903
21397	0	37974
15529	0	37929
19075	4	37714
19085	4	37987
19092	8	37728
3060	10	37986
3060	5	38012
3060	5	37811
19261	4	37854
19294	2	38013
19380	0	37967
19385	8	37943
5479	6	37905
1771	1	37839
4903	0	37759
19498	0	37967
19528	6	37747
19565	0	37967
19576	1	37739
13733	0	37747
16532	1	37739
19706	3	37757
37851	3	11237
7879	6	37720
5685	3	37916
19977	3	37874
20056	8	37728
20059	0	37893
20063	5	37990
3473	0	37896
4196	6	37766
20183	8	37943
20190	0	37747
20263	8	37728
20265	0	37801
31440	0	37996
788	0	37788
20394	3	37959
13398	1	37829
15360	1	37829
26690	0	37759
20623	0	37701
20641	4	37917
20684	0	37942
8007	0	37937
16983	2	38028
9421	1	37947
37831	5	25823
12367	0	37967
20948	3	37703
12694	2	37935
20962	4	37735
20987	0	37980
11450	4	37737
14732	2	37870
21070	3	37732
36922	0	37877
21168	6	37944
16935	1	37839
20743	0	37747
2002	6	37936
6686	10	38022
21517	4	37781
21537	3	37732
6008	3	37711
11047	5	37797
21788	3	37732
21820	0	37967
21851	0	37755
846	3	37916
21901	0	37800
6547	2	38029
21977	4	37735
22026	4	37752
22079	0	37759
22168	0	37903
6785	0	37884
3330	2	37765
2127	0	37950
37903	0	23604
37814	0	25997
22424	0	37973
22434	2	37966
22454	4	37907
34166	8	37788
653	6	37867
22493	1	37739
20254	0	37822
19314	1	37839
11856	8	37728
22654	1	37739
22675	4	37735
22698	3	37703
22325	8	37857
34114	4	37987
9398	4	37903
22788	5	38001
1092	2	38008
1092	2	37907
22853	0	37911
22876	4	37714
22940	3	37757
5421	8	37728
22964	4	37714
10624	3	37753
17483	3	37753
15964	3	37923
23132	4	37983
23217	3	37953
38004	0	20396
8916	2	37819
20178	5	37977
20156	0	37721
483	2	37877
19957	4	37735
23340	3	38017
3955	1	37834
23511	0	37794
3730	3	37707
23605	0	37813
23662	4	37998
21398	0	37728
23747	0	37903
23792	8	37728
16831	1	37917
23827	3	37703
23833	0	37865
10500	3	37733
34712	0	37903
24022	4	37795
24058	3	37757
23659	0	37723
16758	0	37903
7067	4	37735
37692	0	37870
24240	8	37728
24263	8	37728
24272	0	37702
25255	0	38010
24316	3	37703
11253	3	37786
24378	2	37821
15562	2	38030
23684	0	37747
37493	0	37967
24442	0	37778
17049	0	37997
24474	8	37728
34232	0	37994
24557	0	37778
24561	3	37907
24571	4	37987
2133	3	37946
7911	0	37967
24591	4	37903
24592	4	37987
24388	0	37929
24627	4	37907
24653	4	37854
22322	0	38003
24710	0	37777
2956	2	37743
24719	3	37703
2421	1	37834
1760	0	37759
24785	8	37728
24788	3	37890
5304	0	37702
24815	0	37803
7053	4	37907
2070	1	37834
401	2	37745
401	2	38021
35953	8	37728
25045	3	37956
25133	4	37811
25139	0	37816
5262	0	37816
25207	3	37886
11350	0	37800
25320	1	37834
22427	0	37994
4684	6	37819
25357	4	37987
25396	4	37714
37907	5	35315
25420	8	37728
16562	0	37876
25441	3	37732
37974	2	21397
21686	2	37908
25481	3	37703
25488	3	37988
25491	4	37987
25505	3	37864
25515	1	37708
1291	0	37758
25533	4	37811
25534	1	37834
2073	2	37896
10420	8	37728
25557	3	38031
25578	0	37967
25641	1	37739
25657	3	37725
25675	1	37739
14970	0	37831
25722	1	37739
25732	1	37869
6064	0	37759
25757	0	37877
257	0	37761
398	2	37900
17723	4	37777
25878	4	37797
9837	0	37758
25893	3	37775
37757	3	4612
25952	3	38002
25957	3	37786
22072	2	37783
37930	0	4060
37930	2	20951
6669	1	37834
25974	3	37732
4901	5	37784
1440	2	37979
26016	3	37782
26033	1	37739
4658	6	38009
11956	3	37703
26185	3	37732
14728	1	37729
26244	1	37739
6639	0	38032
25720	0	37873
26105	0	37893
26403	3	37748
26408	2	37954
1775	2	37726
636	2	37737
636	2	37723
20650	8	37728
36403	0	37759
26631	0	37751
26712	0	38011
26728	8	37728
666	2	37777
37675	0	38011
26768	0	37903
35413	0	37801
26829	3	37905
26847	4	37781
26869	3	37756
13505	4	37817
27011	4	37987
5905	4	37831
19111	3	37703
9188	0	37816
27115	1	37729
27118	1	37834
24635	5	37817
27195	1	37729
8241	2	38001
27210	4	38008
33908	0	37870
6814	0	37892
27274	0	37795
27344	3	37732
27379	4	37811
25823	4	37831
27421	0	37994
27455	4	37842
27476	4	38012
27485	4	37741
32054	0	37800
27550	3	37709
27558	3	37709
37919	2	1522
24559	0	37967
27675	0	37967
27690	0	37873
27725	0	37957
27762	8	37728
27785	4	38012
27803	3	37826
27928	3	37703
14444	0	37759
7334	2	37963
27968	0	37903
27995	0	37903
15222	5	37806
28025	3	37905
24986	3	37725
7792	6	37970
1066	3	37782
28093	8	37728
8121	0	37994
28134	0	37918
28142	0	37747
28204	0	37747
24999	6	37981
28270	3	37705
28286	1	37739
28288	8	37943
28301	3	37774
1804	0	37721
28314	4	37781
6427	4	37854
28390	8	37943
28401	4	37715
11908	4	37907
8759	2	37724
38033	2	21268
28507	4	37907
37431	0	37967
28519	8	37728
28530	0	37870
12552	3	37809
28549	8	37943
4172	2	37704
787	2	37881
25208	6	37858
28764	0	37816
37639	0	37801
2207	2	37832
5940	3	37725
5940	6	37756
28831	0	37967
37829	9	10053
28936	0	37747
11304	0	37702
29022	3	38002
21121	1	37947
29025	3	37707
9452	5	37787
4879	5	37965
28324	3	37889
7361	1	37834
29082	8	37788
8423	3	37789
29106	4	37964
12196	3	37910
38034	0	9432
29189	3	37732
29201	0	37969
6317	2	37817
29300	3	37775
13583	1	37917
29380	3	37732
18587	4	37854
20835	4	37854
1115	2	37938
19458	0	37845
29464	0	37816
37819	3	4684
29499	4	37811
23066	3	37872
29519	8	37728
36270	4	37777
29533	0	37850
29610	4	38012
29611	4	37769
4685	0	37747
29640	0	37800
28083	3	37782
9260	6	37984
33668	0	37759
13034	3	37928
23268	4	37735
32139	0	37723
27120	5	37950
21311	0	37770
29801	6	37789
14003	0	37759
17588	1	37739
29850	1	37739
27338	0	37877
29865	0	37729
14987	10	38035
30477	0	37954
37761	2	6629
29867	0	37747
25681	0	37994
11328	6	38002
29938	3	37985
29967	0	37816
29969	4	37987
8244	6	37898
11928	4	37797
3096	2	37943
30123	4	37990
30177	3	37732
30214	1	37917
17413	3	37753
42	0	37777
20043	2	37722
30247	5	37806
30268	4	38023
14707	0	37896
27457	3	37895
20396	2	38004
12628	8	37728
17896	5	37769
30323	2	37728
36923	0	37908
30340	0	37727
6879	1	37729
22127	1	37834
30474	3	37703
23682	0	37747
1474	6	37988
1474	6	37991
20798	0	37746
30546	0	37736
30587	0	37930
35106	8	37868
19695	0	37759
30631	4	37735
11899	8	37728
28296	0	37759
30679	4	37781
30682	0	37729
7910	0	37967
30704	0	37925
25527	1	37739
36803	0	37914
19745	0	37834
30796	3	37933
30806	0	37949
36637	0	37721
12047	6	37856
30831	0	37759
30840	4	38012
3408	0	37943
30868	4	37714
15145	3	37982
16436	0	37929
20427	2	37850
2653	0	37927
950	2	37890
30945	0	37943
30947	4	37714
30951	0	37950
38013	0	19294
21268	0	38033
16639	9	37731
3283	2	37868
32217	0	37908
28646	8	37728
2213	2	37861
31039	3	37732
31086	3	37798
31110	3	37969
29001	0	37903
2867	0	37814
17401	2	37767
23264	4	37735
31216	1	37708
31220	0	37747
1836	0	37759
27239	3	37710
9432	2	38034
31245	0	37865
37781	5	21517
27748	0	37878
31287	0	37967
31294	0	37903
30192	0	37759
31311	3	37978
19042	5	37741
31333	4	37845
31354	1	37729
19052	0	37935
36591	0	38005
14058	0	37733
18177	6	37809
24167	0	37816
24167	3	37991
29665	0	37984
28700	0	37767
26599	0	37738
712	2	37866
712	2	37710
712	2	37904
26575	0	37800
2789	9	37859
2789	9	37995
4780	0	37788
31566	1	37739
91	2	37816
91	2	37978
706	0	37869
29408	4	37777
24545	2	37851
31678	3	37895
31719	0	37967
31743	1	37829
24379	8	37943
31750	4	37909
9549	3	37836
8536	4	37869
8536	2	37812
31792	8	37728
5633	6	37841
2566	2	38006
12679	3	37779
31838	1	37834
31856	8	37728
31948	0	37903
1648	4	37987
23685	0	37747
25393	0	37927
1522	0	37919
32027	3	37753
9189	0	37759
31980	8	37868
7378	0	37892
34329	4	37854
31589	3	37732
2635	0	37747
32116	0	37943
28087	3	37782
6512	5	37727
32132	0	37723
35355	0	37966
35036	8	37728
32174	4	37987
29360	0	37967
20423	0	37903
11876	4	37951
32911	0	37937
1047	5	37878
28593	0	37903
29604	4	37854
32329	1	37739
32350	3	37709
32381	0	38036
28156	0	37816
31890	4	38012
20247	0	37747
924	2	37801
924	2	37808
924	2	37919
1068	1	37739
32469	0	37929
32477	0	37869
32479	0	37747
12693	5	37715
29242	3	37959
32546	4	37714
32561	0	37723
9534	6	37740
5563	0	37903
32641	0	37869
31590	3	37732
31909	4	37769
32667	4	37907
21811	0	37808
32676	0	37967
24535	8	37728
31312	3	37978
37703	6	19111
32703	0	37834
2587	2	37702
2587	2	37770
2587	5	37878
37794	0	523
37794	2	30222
37794	2	6480
37794	2	23511
23273	6	37863
32748	0	37967
37695	0	37751
30378	4	37714
6759	3	37883
19790	0	37800
32798	0	37967
32810	0	37723
6476	1	37834
20419	1	37917
17555	0	37816
32874	0	37828
15967	3	37923
2991	3	37916
2991	10	38037
32953	4	37714
32549	6	37860
32974	0	37901
25718	1	37739
37978	6	31311
37736	3	13203
32490	1	37834
33020	0	37801
4501	0	37747
13672	4	38025
33040	4	37987
29595	4	37854
33061	0	37790
33097	0	38011
37696	0	37997
12023	0	37949
33141	8	37728
8015	4	37903
725	4	37777
10716	6	37846
33222	8	37728
6024	3	37933
33303	8	37788
6815	0	37892
27215	0	37892
21086	0	37758
33331	0	37903
7288	4	37777
5732	8	37728
20135	0	37902
23161	0	38005
31755	3	37836
38024	0	12604
11254	3	37786
6410	2	37987
6410	2	37769
6410	2	38014
24991	3	37725
10143	3	37916
33468	0	37727
33471	3	37732
33474	2	37925
3246	0	37877
36355	0	37887
23681	0	37747
30786	2	37758
9569	3	37905
38031	6	25557
33569	0	37770
33586	5	37743
31902	4	37987
7605	0	37816
32813	4	37964
33656	1	37739
7505	0	37755
5349	0	38005
26385	0	37994
23135	0	37758
33718	0	37989
33756	4	37777
13203	3	37725
13203	6	37736
13203	6	37771
37721	2	36163
17149	3	37928
11797	0	37892
33804	0	37873
3895	0	37759
30483	0	37816
33869	0	38010
37619	0	37783
33892	1	37739
33932	0	37869
33938	4	37715
33938	5	37932
31881	8	37728
31280	3	37959
33975	8	37728
33995	3	37976
34029	3	37709
34048	3	37843
28334	0	37816
34276	0	37873
15963	3	37923
12429	2	37827
27565	3	37933
34112	4	37714
17731	2	37989
34137	3	37709
34139	8	37728
28085	3	37782
26082	8	37868
34168	3	37719
28273	0	37727
11858	4	37864
6546	0	38011
19812	1	37917
34244	0	37800
38038	8	1716
34280	1	37917
29645	0	37816
19653	1	37729
23804	6	37885
34321	1	37917
9861	8	37773
32276	3	38000
16374	0	37729
171	9	37830
171	9	37986
26890	4	38019
11420	8	37728
369	3	37732
34474	0	37726
34472	0	37747
29410	3	37923
4080	2	37857
11907	8	37728
28459	0	37777
26333	0	37893
34589	0	37763
3365	2	37703
3365	2	37883
37590	0	37845
25176	8	37868
34436	0	37845
34646	0	37876
33860	0	37967
20068	2	37955
13088	6	37797
32955	3	37711
34687	8	37728
26031	3	37711
23604	2	37903
30316	0	37911
4939	2	37791
36569	0	37968
15966	3	37923
31772	8	37728
34774	4	37741
38025	0	115
38025	4	8009
38025	5	16488
38025	5	13672
38025	2	30117
12871	1	37834
11855	8	37728
11855	4	38019
16833	1	37917
34561	0	37873
2775	5	37833
2775	5	37990
34860	4	37894
29194	0	37968
10433	1	37708
1385	2	37888
21518	4	37735
34889	0	37950
34920	3	37905
29600	4	37854
370	3	37732
15689	2	37785
34959	0	37967
7198	3	37923
34960	2	37721
19276	0	37967
11060	4	37769
21400	4	37962
25874	0	37724
35000	1	37729
21123	3	37753
35004	3	37703
30390	3	37895
35011	0	37808
35022	1	37869
35041	1	37739
34385	0	37830
840	2	37736
25338	0	38003
20951	0	37930
33948	3	37923
38008	4	1548
30490	0	37816
26470	0	37845
31891	4	38012
31822	0	37759
6684	3	37916
6684	10	37832
6684	5	37805
20037	4	37712
35134	4	37907
11349	0	37800
35160	0	37994
36402	0	37751
32243	0	37852
5834	3	37753
34805	0	37945
35178	3	37768
12323	0	37728
1319	4	37995
31903	4	37987
35221	1	37729
35236	0	37869
35240	4	37714
34033	0	38011
19912	8	37728
31603	3	37732
6925	0	37834
35071	1	37729
26608	2	38032
507	2	37805
507	2	37971
507	2	37718
4922	4	37801
18282	0	37996
10007	0	37896
22179	3	38006
35368	3	37709
35371	3	37709
31617	3	37703
15028	4	37831
30549	2	37977
30549	2	37909
31348	3	37725
31910	4	37769
33365	4	37735
1320	10	37963
1320	5	37718
34770	0	37873
32614	3	37961
15965	3	37923
24957	6	37910
35322	8	37728
35516	4	37741
35343	4	37769
4471	2	37948
33661	8	37788
24883	0	37783
28317	3	37992
5956	0	37903
4934	0	37885
37797	10	33209
23265	4	37735
35567	0	37816
3027	2	37796
2879	2	37968
21544	0	37759
4735	0	37869
8296	3	37725
8296	6	37786
21986	4	37949
33812	0	37903
22132	0	37839
35338	8	37728
35626	7	37835
20418	1	37917
35646	0	37994
34165	0	37796
8810	0	37755
4209	1	37917
29695	1	37739
24530	3	38021
19567	1	37834
37970	3	7792
19770	1	37729
24994	3	37707
30243	3	37981
35713	4	37894
35732	8	37728
38023	0	7818
38023	4	12100
38023	2	20477
38023	5	32180
38023	5	12050
38023	5	30268
22352	1	37834
13778	4	37729
35765	0	37800
35775	4	37714
35599	0	37869
22429	3	37916
34812	3	37923
34796	0	37747
18277	0	37747
18277	3	37819
6878	2	37852
35799	0	37873
25285	3	37732
3606	1	37834
35804	0	37993
31709	8	37943
35811	0	37758
21918	0	37750
32572	8	37943
35837	0	37967
31074	4	37817
35843	0	37865
37928	6	17149
19315	1	37839
31332	0	37918
30222	0	37794
28323	3	37889
5453	0	37729
260	3	37895
19534	0	37994
35882	2	37731
32653	0	37903
10040	0	37896
35307	4	37817
35896	0	37893
35601	0	37869
35922	0	37807
32920	8	37728
3256	0	37729
17892	1	37829
35934	0	37747
14606	2	38026
18022	0	37721
35949	0	37996
29243	3	37959
1507	3	37786
34706	0	37729
32608	6	37880
35971	4	37714
26576	0	37800
23269	4	37735
12000	0	37800
17190	0	37767
4878	2	37965
19174	1	37739
2006	3	37866
28739	0	37903
4898	2	37997
33655	0	37721
17615	0	37974
10028	0	37896
5787	1	37834
5787	2	37957
36116	3	37707
36121	0	37816
37882	6	16399
27539	0	38005
33277	0	37894
2744	5	37912
23451	3	37725
33576	6	38016
10211	1	37834
16624	1	37917
8540	0	37778
7469	6	37874
37286	0	37759
36145	0	37903
36151	3	37725
206	2	38007
206	2	38017
1716	2	38038
32386	0	37893
36184	4	37777
13854	0	37724
36204	0	37816
8114	0	37767
36216	3	37849
24127	1	37829
16405	1	37829
36246	1	37739
29866	0	37747
32799	0	37903
24985	3	37725
23956	0	37869
31812	3	38006
36291	0	37755
36295	4	38014
22573	3	37732
1873	0	37801
35600	0	37869
35570	4	37741
26430	4	37721
24371	8	37788
35872	0	37755
36336	0	37729
23078	6	37848
21194	6	37838
27634	0	37729
9615	3	38012
36354	0	37778
26740	0	37808
23554	1	37729
23552	0	37869
103	2	37853
103	2	37999
103	2	37946
36375	0	37747
21426	3	37825
32922	8	37728
30413	0	37911
33969	3	37924
6793	0	38005
32907	4	37964
19807	0	37759
18740	0	37979
27523	0	37759
23658	0	37723
13435	3	37915
36425	0	37876
31602	3	37732
38039	4	28721
4510	4	37715
31524	3	37952
4661	1	37834
36443	0	37892
36462	4	37781
36468	0	37903
4482	0	37747
25955	0	37824
36493	3	37772
23762	0	37834
2005	3	37745
8874	8	37868
12100	5	38023
36515	1	37739
31170	3	38006
24987	3	37879
15338	5	37990
31651	1	37739
31649	1	37739
36549	1	37739
34862	1	37739
36558	1	37834
36136	0	38016
29993	2	38015
36466	1	37739
21377	0	37813
36574	4	38012
36255	0	37929
5959	0	37903
35139	8	37728
36616	4	38014
2627	3	37720
36620	1	37739
29605	4	37854
341	2	37865
341	2	37715
341	2	37932
24508	6	37705
2914	0	37816
22814	0	37747
22814	6	37700
38028	0	16983
35357	0	37903
31610	3	37732
36647	0	37873
8590	0	37816
10603	2	37950
36651	3	37709
19675	0	37816
36653	4	37811
17993	0	37903
2164	0	37788
28318	3	37992
22409	0	37921
36697	6	37915
36701	4	37947
31613	3	37703
7216	1	37917
35046	3	37879
6692	0	37761
30117	0	38025
14298	0	37875
36594	8	37943
36726	1	37739
18564	0	37813
36733	0	37778
32180	4	38023
480	0	37950
26300	3	37745
36741	8	37788
35275	8	37728
26814	1	37839
36755	1	37834
36760	3	37855
14141	1	37739
31005	2	37922
36784	2	37760
31885	4	38008
14059	3	37733
6466	3	37725
18284	1	37834
7758	6	37775
7161	6	37923
25526	1	37869
35778	8	37728
22128	1	37834
37874	3	7469
26149	0	37828
36824	4	37714
35273	4	38019
32053	0	37800
34560	0	37873
36838	0	37969
33865	0	37751
422	0	37994
4387	0	37979
10651	3	37732
18280	3	37915
30551	0	37967
31601	3	37732
30823	1	37834
36894	1	37834
36559	1	37834
36896	1	37739
36910	3	37823
10481	4	37736
34694	4	37700
31642	1	37729
36727	1	37739
7720	8	37728
1258	0	37903
33843	2	37916
31945	0	37747
36961	4	37769
31596	3	37732
5040	4	37777
18265	6	37762
35635	0	37750
3969	0	37906
35180	1	37834
21678	5	37995
30993	4	37781
37007	0	37996
38012	0	279
38012	6	9615
21765	0	37967
37032	5	37844
27035	0	37994
25523	1	37739
37040	3	37765
35288	4	37735
21861	4	37735
36348	6	37770
35194	0	37759
37056	0	37938
36946	0	37807
12399	0	37727
36982	1	37834
19676	0	37816
37064	1	37739
6685	3	37916
21664	0	37802
27353	0	37750
22552	0	37816
37065	1	37739
32196	6	37768
6857	3	37709
18692	8	37728
36928	1	37834
37054	1	37739
22845	3	37732
35286	4	37735
37118	0	37994
34917	8	37714
10586	1	37917
35820	1	37829
37132	4	37995
37052	1	37739
37139	1	37739
35284	8	37728
29724	0	37736
7135	1	37917
31429	0	37736
31972	1	37739
29411	8	37728
26452	2	37835
36797	1	37739
21835	4	37715
36736	1	37917
30485	0	37816
37117	1	37834
37156	1	37739
30864	8	37788
15288	1	37739
15599	1	37729
34769	0	37850
31619	3	37703
37162	1	37869
3980	6	37889
5629	0	37816
13515	3	37745
37067	4	37964
37068	4	37964
37180	1	37739
36338	3	38021
12738	0	37893
36418	1	37834
3607	1	37834
24693	4	38012
37202	2	37964
17220	2	38040
19851	0	37755
37723	2	12948
31591	3	37732
37226	3	37970
28080	3	37782
26793	3	37703
7747	5	37899
28051	0	37903
22469	6	37710
11936	8	37728
36553	0	37759
37260	0	37755
37265	4	37781
7548	8	37728
24153	2	37829
26910	3	37889
35781	1	37834
34764	0	37790
37270	4	37987
35085	0	37778
37273	0	38004
17865	3	37753
20006	0	37728
34343	3	37889
6062	1	37729
37280	1	37834
3149	3	37725
15131	0	37783
29134	1	37739
5957	0	37903
36950	0	37903
20312	8	37728
19018	0	37738
34908	3	37934
13112	0	37867
7759	5	37935
36158	3	37872
36625	1	37739
30491	0	37816
35281	8	37728
37314	1	37729
36813	0	37729
15979	0	37891
33810	1	37739
37322	3	37895
31087	3	37931
14173	8	37728
6123	2	37940
13741	0	37816
19271	3	37775
10063	2	37894
34961	0	37795
13696	6	37998
133	3	37849
19316	1	37839
34380	5	37986
36059	8	37728
21760	0	37996
3688	5	37844
31599	3	37732
28084	3	37782
28082	3	37782
28081	3	37782
6659	5	37920
29755	3	37703
36825	1	37834
37351	5	37796
18582	0	37754
8112	3	37703
35346	4	38014
36954	8	37868
44	0	37777
37366	4	37713
23270	4	37735
851	0	37822
14652	0	37929
7818	2	38023
7818	2	37830
32928	4	37907
17406	3	37732
6732	0	37876
37382	0	37967
31904	4	37987
21155	4	38012
37386	3	38019
7204	0	37903
23263	4	37735
31466	6	38041
31595	3	37732
26006	1	37834
30489	0	37816
37399	0	37724
31883	4	37735
20326	2	37892
38041	3	31466
21825	1	37708
35757	4	37869
31605	3	37732
32926	4	37735
19767	0	37780
15923	8	37734
13910	1	37729
37401	4	37792
37087	3	37709
30315	0	37911
11784	8	37728
35308	4	37817
38040	0	17220
34393	4	37986
31597	3	37732
14060	3	37733
22323	8	37728
33169	0	37816
19739	0	37909
8424	3	37789
8555	2	37922
19642	1	37739
7230	0	37994
31588	3	37732
10432	1	37708
3709	4	37869
37987	5	27011
37442	4	37817
37438	4	37714
7051	4	37735
32238	3	37904
36865	0	37980
7381	6	37924
28066	3	37703
37459	3	37960
26901	1	37917
36827	4	37714
3168	2	37815
3168	2	37757
24356	3	37707
28325	3	37889
3785	8	37857
33776	0	37903
35341	4	37987
32645	4	37941
25060	0	37869
34944	0	37911
37276	4	37987
37485	0	38010
11434	4	37844
35789	0	37747
20401	0	37747
35339	4	37811
31143	1	37834
32894	4	38014
37492	3	37970
6480	0	37794
33910	0	37967
35921	1	37829
36163	0	37721
35336	8	37728
37750	0	8574
29444	0	37967
26272	4	37903
47	2	37962
4889	0	37729
27724	0	37935
35316	4	37907
29522	0	37759
36689	4	37729
37511	3	37999
30379	4	37781
322	4	38012
23271	4	37735
36660	4	37995
4529	2	37872
37893	2	28661
4255	6	37748
7373	2	37704
24502	1	37829
31114	0	37824
37520	3	37905
7558	8	37728
37406	0	37994
20892	0	37721
3123	2	37818
35313	8	37728
683	0	37721
23272	4	37735
6982	5	37958
12631	4	37777
36696	0	37736
8189	2	37747
29057	9	37901
32574	8	37943
35730	4	37776
10478	2	37833
16142	0	37816
4315	0	37729
3376	9	37820
18138	0	37828
14009	9	37857
37271	5	37727
10938	0	37736
17922	2	37838
37338	1	37917
27213	0	37892
29606	4	37854
37517	3	37823
36556	2	38018
37552	0	37736
20477	0	38023
3960	0	37747
10758	3	37732
16815	8	37788
36551	4	37777
29588	4	37787
35287	4	37735
22108	1	37739
37047	4	37935
38027	0	3907
37555	3	37742
11237	6	37851
36708	2	37730
35965	3	37923
34672	3	37732
37787	4	9452
37787	5	29588
31609	3	37732
28721	5	38039
9812	2	37926
30423	3	37703
36869	0	38013
37564	0	37801
2169	0	37876
36045	0	37803
37572	0	37723
19412	0	37877
37069	8	37728
630	2	37711
630	2	37863
26572	6	37815
29169	1	37834
23022	3	37753
31593	3	37732
35340	4	37987
30986	1	37739
1649	4	37987
418	8	37943
27656	0	37909
24065	0	37747
28955	8	37728
35140	8	37728
33813	0	37903
17189	6	37767
11735	2	37884
31898	4	37987
15564	0	37727
36043	0	37876
23108	0	37702
4782	2	37715
27806	3	37732
9321	0	37794
10589	2	37903
36000	0	37750
38032	0	26608
38032	2	6639
2808	3	37703
3991	3	37923
36656	4	37735
36655	4	37714
33259	8	37728
35035	0	37942
79	9	37920
79	2	37844
37612	0	37747
37315	1	37729
853	2	37925
8574	2	37750
24834	0	37989
654	0	37867
9906	0	37799
37625	4	37714
12234	2	37781
28253	2	37947
37033	8	37728
33529	4	37714
16174	0	37920
30824	1	37834
34584	1	37739
28726	0	37884
5720	8	37728
30486	0	37816
32716	1	37917
2001	2	37923
2001	2	37725
2001	2	37837
2001	2	37928
29100	0	37914
37626	4	37714
31621	3	37703
36274	0	37755
37134	0	38011
32138	0	37723
115	2	38025
36538	0	37702
37924	6	33969
90	3	37732
37644	3	37735
10003	0	37896
31615	3	37703
36345	3	37853
37903	2	9675
17831	1	37729
1431	2	37933
1431	2	37764
1431	2	37719
24381	0	37887
27212	0	37892
15467	0	37994
36067	0	37746
27321	1	37777
37615	4	37735
16644	0	37777
9112	2	37985
5713	8	37728
4076	3	37924
34883	8	37728
36909	1	37739
13073	0	38005
8735	0	37860
31608	3	37732
31099	0	37865
32910	0	37937
9908	0	37799
279	2	38012
37659	1	37834
8878	4	37907
35526	0	37813
37663	0	37967
10434	1	37708
25829	4	37817
3905	0	37834
17859	3	37890
1386	9	37888
5161	1	37739
35047	3	37862
33966	3	37890
35318	8	37728
8581	0	37937
33081	0	37816
5478	2	37775
5478	2	37905
25902	0	37906
15476	3	37732
1259	0	37903
24116	3	37924
37268	5	37829
7493	3	37735
31587	3	37732
37674	0	38011
37662	1	37834
37634	4	37735
35285	8	37728
36885	2	37865
37220	4	38030
37455	0	38010
29879	3	37732
22320	0	37816
26296	0	37755
37648	3	37757
37383	1	37739
34878	5	37951
27693	3	38009
34974	0	37891
26013	3	37732
25074	0	37968
22975	0	37943
24503	1	37829
23126	0	37816
37680	0	37802
31620	3	37703
35352	0	37867
32868	4	37715
20673	0	37997
36040	0	37754
37439	4	37714
915	0	37996
25997	2	37814
37168	0	37747
13423	0	37810
32123	0	37894
36554	2	37701
30487	0	37816
31900	4	37987
36999	0	37994
24690	4	38012
27292	4	37903
11045	4	37714
8191	3	37765
17868	0	37816
478	3	37732
36303	1	37708
31612	3	37703
20836	4	37854
37570	5	37796
37681	0	37865
37176	8	37728
31369	0	37967
1327	5	37878
37657	4	37714
37554	0	37903
27214	0	37892
6406	2	37834
37568	1	37829
440	0	37721
37767	3	17189
37767	2	17190
31899	4	37987
37794	2	9321
25719	1	37739
18287	6	37843
38029	0	6547
33496	4	38012
37879	6	35046
26627	2	37790
11702	0	37747
32557	2	37839
19988	1	37834
37876	2	16562
34833	4	37781
31550	2	37995
32870	0	37937
37679	0	37873
1020	1	37829
462	2	38020
462	2	37976
462	2	37779
17282	3	37905
37690	4	37781
24685	4	38012
16732	4	37903
30488	0	37816
36237	0	37747
27323	0	37747
24291	0	37850
26423	0	37877
38024	0	12604
37703	6	19111
90	3	37732
257	0	37761
37719	0	1431
37723	2	12948
37727	2	12399
37715	4	12693
37738	2	19018
37750	0	8574
37751	2	36402
38033	2	21268
37757	3	4612
37776	8	2435
37781	5	21517
37783	2	24883
37794	2	9321
37797	10	33209
37801	2	24772
37802	2	21664
37813	2	35526
37819	3	4684
38036	2	32381
37721	2	36163
38038	8	1716
37814	0	25997
37829	9	10053
38034	0	9432
37843	3	18287
37854	5	29595
37861	0	2213
37865	0	341
37874	3	7469
37876	2	16562
37879	6	35046
37882	6	16399
37728	2	20263
37887	2	36355
37877	2	3347
37893	2	28661
37896	2	14707
37903	2	9675
37907	5	35315
38026	0	14606
37914	2	36803
37919	2	1522
37923	6	33948
37924	6	33969
37928	6	17149
37892	2	14848
37816	2	22552
37736	3	13203
37733	6	6948
37831	5	25823
37966	0	22434
37970	3	7792
37974	2	21397
37977	0	30549
37978	6	31311
38039	4	28721
37987	5	27011
38041	3	31466
37994	2	25681
38003	2	22322
38031	6	25557
38008	4	1548
37791	0	4939
37766	3	4196
32217	0	37908
9452	5	37787
37937	2	8581
14679	3	38021
19767	0	37780
20043	2	37722
37798	6	31086
38017	6	23340
37926	0	9812
37905	6	9569
24781	4	37724
24834	0	37989
38018	0	36556
37990	4	15338
27565	3	37933
27693	3	38009